1              4   64  0.064
2              5   23  0.023
3              6   29  0.029
4              7   29  0.029
5              8   31  0.031
6              9   33  0.033
7             10   27  0.027
8             11   18  0.018
9             12   33  0.033
10            13   26  0.026
11            14   28  0.028
12            15   11  0.011
13            16   19  0.019
14            17   25  0.025
15            18   20  0.020
16            19   20  0.020
17            20   10  0.010
18            21   20  0.020
19            22   14  0.014
20            23   14  0.014
21            24   10  0.010
22            25    9  0.009
23            26   23  0.023
24            27   12  0.012
25            28   14  0.014
26            29   12  0.012
27            30   13  0.013
28            31   12  0.012
29            32   16  0.016
30            33   11  0.011
31            34   14  0.014
32            35   18  0.018
33            36   10  0.010
34            37   11  0.011
35            38    6  0.006
36            39   13  0.013
37            40    7  0.007
38            41    9  0.009
39            42    9  0.009
40            43    5  0.005
41            44    8  0.008
42            45    9  0.009
43            46    9  0.009
44            47   12  0.012
45            48    6  0.006
46            49    7  0.007
47            50    8  0.008
48            51    5  0.005
49            52    6  0.006
50            53    9  0.009
51            54    7  0.007
52            55    7  0.007
53            56    7  0.007
54            57    3  0.003
55            58   10  0.010
56            59    3  0.003
57            60    5  0.005
58            61    3  0.003
59            62    1  0.001
60            63    2  0.002
61            64    4  0.004
62            65   12  0.012
63            66    3  0.003
64            67    4  0.004
65            68    3  0.003
66            69    3  0.003
67            70    9  0.009
68            71    4  0.004
69            72    6  0.006
70            73    5  0.005
71            74    2  0.002
72            76    2  0.002
73            77    3  0.003
74            78    4  0.004
75            79    4  0.004
76            80    7  0.007
77            81    4  0.004
78            82    4  0.004
79            83    2  0.002
80            84    2  0.002
81            85    6  0.006
82            87    2  0.002
83            88    2  0.002
84            89    3  0.003
85            90    1  0.001
86            91    2  0.002
87            93    4  0.004
88            94    2  0.002
89            95    1  0.001
90            96    2  0.002
91            98    1  0.001
92            99    1  0.001
93           100    1  0.001
94           101    1  0.001
95           102    2  0.002
96           103    2  0.002
97           104    1  0.001
98           107    2  0.002
99           108    2  0.002
100          112    1  0.001
101          117    2  0.002
102          119    1  0.001
103          121    2  0.002
104          126    1  0.001
105          132    2  0.002
106          135    1  0.001
107          138    1  0.001
108          139    1  0.001
109          145    1  0.001
110          147    1  0.001
111          160    1  0.001
112          169    1  0.001
113          176    1  0.001
114          189    1  0.001
115          191    1  0.001
116          200    1  0.001